p, n, time
j1
2, 4, 0.000441
4, 4, 0.001391
8, 4, 0.001573
16, 4, 0.087243
16, 20480000, 2.693530

j2
1, 20480000, 2.263726
1, 40960000, 4.691691
2, 20480000, 2.337111
1, 81920000, 9.607471
4, 20480000, 2.413035
1, 163840000, 19.859764
8, 20480000, 2.526783
1, 327680000, 40.656566
16, 20480000, 2.879517
1, 655360000, 83.356357
32, 20480000, 3.120093
1, 1310720000, 171.086431
64, 20480000, 3.455093

j3
1, 20480000, 2.063854
2, 10240000, 1.040676
4, 5120000, 0.548521
8, 2560000, 0.281344
16, 1280000, 0.401803
32, 640000, 0.611809
64, 320000, 0.062534
